[image]

width
1280

height
720

[narrow_stereo]

camera matrix
936.840754 0.000000 641.697662
0.000000 931.835882 364.741476
0.000000 0.000000 1.000000

distortion
0.153103 -0.342591 0.006502 -0.002099 0.000000

rectification
1.000000 0.000000 0.000000
0.000000 1.000000 0.000000
0.000000 0.000000 1.000000

projection
933.169189 0.000000 638.717302 0.000000
0.000000 948.689514 367.988289 0.000000
0.000000 0.000000 1.000000 0.000000
---------------------------------------------------

camera matrix
918.286226 0.000000 630.168962
0.000000 909.337374 371.005059
0.000000 0.000000 1.000000

distortion
0.114583 -0.249164 0.001887 -0.005065 0.000000

rectification
1.000000 0.000000 0.000000
0.000000 1.000000 0.000000
0.000000 0.000000 1.000000

projection
913.850525 0.000000 620.879712 0.000000
0.000000 923.974243 372.030270 0.000000
0.000000 0.000000 1.000000 0.000000
/tmp/calibrationdata.tar.gz
---------------------------------------------------
camera matrix
916.267508 0.000000 646.969250
0.000000 917.646069 361.650256
0.000000 0.000000 1.000000

distortion
0.167902 -0.355066 0.004160 -0.000639 0.000000

rectification
1.000000 0.000000 0.000000
0.000000 1.000000 0.000000
0.000000 0.000000 1.000000

projection
913.281372 0.000000 647.431511 0.000000
0.000000 935.909180 363.799174 0.000000
0.000000 0.000000 1.000000 0.000000

----------
camera internal factory calibration
---
header: 
  seq: 36154
  stamp: 
    secs: 1673371909
    nsecs:  89205265
  frame_id: "camera_color_optical_frame"
height: 720
width: 1280
distortion_model: "plumb_bob"
D: [0.17931543290615082, -0.5406785011291504, -0.0007807965739630163, -0.0004374352574814111, 0.4746035635471344]
K: [908.3550415039062, 0.0, 642.5927124023438, 0.0, 908.4041137695312, 353.12652587890625, 0.0, 0.0, 1.0]
R: [1.0, 0.0, 0.0, 0.0, 1.0, 0.0, 0.0, 0.0, 1.0]
P: [908.3550415039062, 0.0, 642.5927124023438, 0.0, 0.0, 908.4041137695312, 353.12652587890625, 0.0, 0.0, 0.0, 1.0, 0.0]
binning_x: 0
binning_y: 0
roi: 
  x_offset: 0
  y_offset: 0
  height: 0
  width: 0
  do_rectify: False
---


extrinsic matrix naive
[[  9.99950000e-01   0.00000000e+00  -9.99983333e-03   2.50000000e+01]
 [  1.88855747e-03  -9.82004235e-01   1.88849452e-01   1.94000000e+02]
 [ -9.81987868e-03  -1.88858895e-01  -9.81955135e-01   1.03900000e+03]
 [  0.00000000e+00   0.00000000e+00   0.00000000e+00   1.00000000e+00]]
extrinsic matrix apriltag
[[  9.99889927e-01  -1.40887254e-02   4.65211880e-03   1.99105429e+01]
 [ -1.47061803e-02  -9.82634436e-01   1.84968360e-01   1.60451745e+02]
 [  1.96536371e-03  -1.85016415e-01  -9.82733465e-01   1.03412019e+03]
 [  0.00000000e+00   0.00000000e+00   0.00000000e+00   1.00000000e+00]]
 
---------------------
homography matrix
[[  1.02051831e+00  -1.31181893e-01  -2.77366031e+01]
 [  1.46575246e-02   9.77234026e-01  -4.05537311e+01]
 [ -1.97524139e-06  -1.87385383e-04   1.00000000e+00]]


