[(-0.061359234154224396, -0.08743690699338913, -0.1564660519361496, -0.9970875382423401, 0.0, 0.7393787503242493, 0.031089850949368107, -0.031089850949368107), (-0.4586602747440338, -0.003067961661145091, -0.16260196268558502, -0.9679418802261353, 0.0, 0.7393787503242493, 0.031089850949368107, -0.031089850949368107), (-0.48780590295791626, 0.3543495833873749, -0.003067961661145091, -1.0891263484954834, 0.0, 0.7393787503242493, 0.031089850949368107, -0.031089850949368107), (-0.49087387323379517, 0.38196122646331787, -0.003067961661145091, -1.0921943187713623, -0.003067961661145091, 0.7393787503242493, 0.031089850949368107, -0.031089850949368107), (-0.4939418137073517, 0.016873789951205254, -0.10124273598194122, -1.0921943187713623, -0.006135923322290182, 0.7393787503242493, 0.031089850949368107, -0.031089850949368107), (0.02761165425181389, -0.09664079546928406, -0.10124273598194122, -0.8759030699729919, 0.0015339808305725455, 0.7393787503242493, 0.031089850949368107, -0.031089850949368107)]
------
placing block from (-100,225) to (100, 225)
TO BE PLOTTED
[(-0.03374757990241051, -0.03374757990241051, -0.08590292930603027, -0.14419420063495636, -0.030679617077112198, 0.7378447651863098, 0.031067059260919835, -0.031067059260919835), (0.21322333812713623, -0.05368933081626892, -0.2730485796928406, -1.2977477312088013, 0.07976700365543365, 0.7378447651863098, 0.031067059260919835, -0.031067059260919835), (0.38656318187713623, 0.07363107800483704, -0.36968937516212463, -1.115204095840454, 0.3942330777645111, 0.7378447651863098, 0.031067059260919835, -0.031067059260919835), (0.3880971372127533, 0.08130098134279251, -0.44025251269340515, -1.0906603336334229, 0.41724279522895813, 0.03374757990241051, 0.019971687660444486, -0.019971687660444486), (0.3834952116012573, -0.02761165425181389, -0.11658254265785217, -1.512505054473877, 0.41724279522895813, 0.03374757990241051, 0.019971687660444486, -0.019971687660444486), (0.004601942375302315, -0.030679617077112198, -0.1902136206626892, -1.4496119022369385, 0.07976700365543365, 0.03374757990241051, 0.019971687660444486, -0.019971687660444486), (-0.42031073570251465, 0.012271846644580364, -0.2899223864078522, -1.3054176568984985, -0.2991262674331665, 0.03374757990241051, 0.019971687660444486, -0.019971687660444486), (-0.43411657214164734, 0.06596117466688156, -0.4586602747440338, -1.0293011665344238, -0.37275734543800354, 0.03374757990241051, 0.019971687660444486, -0.019971687660444486), (-0.42951464653015137, 0.052155349403619766, -0.4632622003555298, -1.0354371070861816, -0.37275734543800354, 0.9081166386604309, 0.033438012576536155, -0.033438012576536155), (-0.23009712994098663, -0.21322333812713623, -0.29452431201934814, -1.24252450466156, -0.22856314480304718, 0.9081166386604309, 0.033438012576536155, -0.033438012576536155)]
------
teaching arm to sweep across (from right to left, counter clockwise)
TO BE FED INTO FK AND PLOTTED
[(-1.555456519126892, 0.30526217818260193, 0.19941750168800354, -0.15033012628555298, -0.0015339808305725455, -0.47860202193260193, 0.014084647016798079, -0.014084647016798079), (-1.1029322147369385, 0.22856314480304718, 0.19788353145122528, -0.15493206679821014, -0.0015339808305725455, -0.47860202193260193, 0.014084647016798079, -0.014084647016798079), (-0.6289321184158325, 0.21015536785125732, 0.19941750168800354, -0.15033012628555298, -0.0015339808305725455, -0.47860202193260193, 0.014084647016798079, -0.014084647016798079), (-0.17487381398677826, 0.21015536785125732, 0.19941750168800354, -0.15493206679821014, -0.0015339808305725455, -0.47860202193260193, 0.014084647016798079, -0.014084647016798079), (0.3267379105091095, 0.2208932340145111, 0.19941750168800354, -0.15186409652233124, -0.0015339808305725455, -0.47860202193260193, 0.014084647016798079, -0.014084647016798079), (0.7010292410850525, 0.22242721915245056, 0.19941750168800354, -0.15493206679821014, -0.0015339808305725455, -0.47860202193260193, 0.014084647016798079, -0.014084647016798079), (1.1198060512542725, 0.2485048919916153, 0.19941750168800354, -0.1564660519361496, -0.0015339808305725455, -0.47860202193260193, 0.014084647016798079, -0.014084647016798079), (1.431204080581665, 0.25003886222839355, 0.19941750168800354, -0.15493206679821014, -0.0015339808305725455, -0.47860202193260193, 0.014084647016798079, -0.014084647016798079), (1.5830682516098022, 0.26384469866752625, 0.21629129350185394, -0.1564660519361496, -0.0015339808305725455, -0.47860202193260193, 0.014084647016798079, -0.014084647016798079)]

